84 38 
111 638 284 556 456 976 146 274 766 277 728 673 220 229 608 703 234 426 581 744 311 374 796 585 586 684 330 438 688 870 102 788 785 847 474 2 740 177 655 879 806 350 79 862 749 384 640 246 702 795 545 587 389 1000 450 381 331 831 211 532 553 917 949 448 756 214 180 422 183 267 407 813 924 345 171 916 945 573 478 539 748 992 995 931
i 774
r 267
i 335
i 600
a 748
r 214
i 425
a 2
a 847
a 1000
a 655
r 806
i 593
i 314
a 673
r 581
a 532
i 271
a 331
a 422
a 862
r 587
a 684
i 1
i 754
r 688
a 766
i 644
a 311
a 384
a 274
a 474
a 879
a 945
a 277
a 917
r 995
r 331