9999 99999 9999
29117
66366
13623
24563
35651
93773
17776
95052
26113
63302
97777
59214
70215
31835
29857
23751
38368
45826
71082
35326
2827
4304
16428
47545
9691
750
76636
65129
97868
28803
56749
21863
90046
65250
46426
25699
53901
59079
15629
80014
22382
13407
39230
87474
45243
63964
6104
78488
9791
77186
13815
7495
76368
25120
49918
86059
25871
26555
51190
18617
50235
2817
40480
40283
62944
81784
60859
16847
35741
71365
96861
53001
84772
30969
40476
24893
94933
46580
98258
99602
18645
6952
7098
95013
32072
57016
75950
52820
78449
22018
71437
28685
24836
6796
63845
87780
83457
24705
4628
19199
96070
96367
72200
75721
27337
12678
95491
17149
59258
88628
16752
77903
95580
18727
67794
27653
70621
43746
75351
49071
65764
41666
72633
90600
48462
36480
73259
31920
56062
72764
51120
47011
69132
18198
17610
91347
30876
7979
8497
85012
96607
20126
57793
92188
33730
25589
14720
4352
69335
90071
48300
35100
31738
15812
20579
75078
52292
88715
1876
3232
61480
52996
50243
25491
66072
62730
16839
96948
70710
20213
81961
67318
40339
34633
54385
74069
60222
69105
73299
29558
59177
21600
59535
85792
37412
74991
60871
84581
63707
62748
82691
25189
10622
32935
45557
76694
90543
62396
68521
61254
82609
45360
23450
17826
79993
77835
86772
40216
46941
54949
64651
996
76550
19065
81666
8840
88933
37415
88299
52642
95040
70991
72708
541
98803
18266
77235
89347
75539
40634
45479
58149
85995
68930
70852
60866
46766
52502
95960
88585
7453
60612
84458
78880
74554
66125
82597
63489
3542
70897
11009
98582
36766
83717
99123
30448
96860
71237
14673
72400
6749
60153
25427
87621
23961
91156
48489
70727
43659
44450
54190
51112
99939
38650
29993
69372
99652
12592
32862
98071
78366
38748
91532
10011
17343
85533
40459
14204
56771
50009
81481
58398
10163
1786
46020
34124
92942
94509
99729
31479
33837
48797
82592
33778
82324
7463
3151
81978
14932
30890
74927
88176
69638
66460
98187
86981
51995
33524
96062
3644
78410
72421
62042
88574
74207
8064
17576
62027
97450
12183
93506
31289
60981
70976
59944
38183
73317
63095
15039
83126
88862
89967
71303
53378
51305
64368
35237
3301
92769
31300
6946
71181
98598
63865
54633
67683
66806
67086
29711
64258
79270
18095
90424
35129
83949
50369
68189
52144
8342
83229
35271
92081
68074
1453
45460
19380
60698
80697
22682
53469
6875
24505
19528
5474
83247
74161
73157
50055
36125
97745
9191
10273
15841
99615
40279
94667
44862
8470
46812
53204
86576
76961
40163
54651
78414
85623
74031
39113
61198
91590
87459
68073
16096
6988
68424
94221
76026
41582
44277
12153
34205
48345
17303
44923
47961
57583
39592
87700
66053
81281
35782
47507
58243
75945
2159
36658
61569
76190
70649
22768
67782
58109
85718
78755
65098
54143
72977
36002
90602
12132
48155
24808
60477
65459
69731
8439
17920
4201
91016
78850
85483
26799
26358
43727
2745
28517
75263
59191
99584
45913
76836
67367
98899
62555
41001
63998
16699
13979
2
2179
26112
43034
26987
86589
3371
91596
89906
21291
90674
80923
95018
76158
7724
21377
14764
5346
44771
84904
64538
44357
25695
41375
11725
24595
98808
52726
83471
10385
61583
78350
12565
87695
21385
34429
69162
19634
26026
59069
35802
11579
34871
30822
82614
42595
52199
97378
42818
96971
77160
2234
41329
2856
38487
47931
22329
37296
95535
5801
47681
57119
79028
60246
39692
95290
94676
8855
14925
15580
62802
50728
27159
97673
81550
9775
35146
33750
2031
72841
25599
74069
75076
66928
71802
13564
9738
94131
50860
5274
94809
93418
57270
73838
53666
91839
69130
43220
95571
78932
53677
58374
29661
75714
50925
11212
85489
80948
39840
82397
53791
60316
56467
28868
27246
23148
37309
31861
17280
83046
37135
6968
76465
89282
75683
25009
81122
39691
68229
76694
18625
16785
29947
43163
92499
80872
49253
72866
56699
89093
55264
10491
49410
6610
34236
71533
29758
66422
3395
41915
49469
35407
48883
25935
24690
19445
50945
690
59136
14052
77385
72638
30837
7333
15803
23337
83082
65056
96203
39782
49027
46346
45150
93314
47833
74263
59726
77591
40686
57998
14384
90155
93406
58145
16092
12974
77590
61914
13665
31604
75966
85927
4244
6805
88137
20047
30142
71220
85103
21224
5881
34131
67570
51031
22323
15404
25296
82049
87872
60859
40049
97133
51016
33456
55279
61985
41307
27747
23900
49849
59352
94743
30654
63596
1549
18792
83643
26569
90013
63624
42670
95894
92632
10241
41803
14956
20522
61976
97006
3272
22837
37056
406
73853
65389
50563
30716
6697
78310
49493
51424
37663
44237
82078
96136
40664
872
79780
67233
85762
38282
9904
76534
30915
15022
18338
45872
30421
80315
42879
33693
98029
79935
28976
71883
45325
79539
97476
46899
52728
46970
93200
85268
91207
75280
81406
31872
71029
56064
93982
56792
94347
98763
33327
25263
8663
46542
71135
39084
21735
8892
67654
19765
88827
96631
86525
29030
71048
84002
70807
23777
30973
64008
9047
17059
34166
90453
43808
5196
41395
37792
56865
35743
31433
85069
61007
40097
31613
27020
74058
48225
35913
41714
62868
19618
33223
49394
43526
4272
28275
9211
22927
54125
68096
31974
71184
2264
17305
14994
2337
58700
47663
59203
94444
79096
44273
50329
14071
70763
72226
88130
13867
3017
24722
76735
22636
57945
21007
61039
62217
49282
65127
80021
98285
33224
11996
69470
30365
24178
84464
32703
82879
32128
86783
72201
6103
25934
17408
20174
96698
89634
3182
5443
87529
27904
82178
10166
80726
98062
66082
37822
42223
31210
17844
40509
59311
29841
9980
89677
54019
89322
17258
31776
16328
4042
98854
17308
29976
16263
37483
21552
776
35542
26995
88305
63447
4051
93348
44174
2115
54308
76873
39215
80395
94718
79724
39707
24560
84581
24262
73456
68781
41520
111
79987
45562
98965
97295
75539
10107
34779
91968
5760
65199
18965
88942
28647
17893
77168
67698
14885
31477
44573
54100
6750
34169
28702
46457
58729
8162
70720
27063
76943
12241
22051
51808
52681
15895
49105
23098
20879
83884
15067
26639
43961
28909
10459
72608
46803
87627
35185
61688
13982
74635
10667
20732
8805
39369
62066
62411
47531
32787
84351
19353
39906
6404
71161
92587
22299
15144
10563
43178
93906
25630
64694
37868
54540
75153
10478
96220
57658
40540
57909
71640
15176
68576
92372
23981
2824
54439
81269
45232
82104
65621
59462
16888
72025
25502
4353
89201
40646
14916
27257
34553
40546
86828
72422
89963
61982
77777
86184
19641
18318
38972
86158
28371
2426
78531
47229
5250
27849
28499
45360
4831
94120
4823
21719
61024
30325
26072
45103
70972
40988
67238
403
76411
54067
72825
61253
16051
50603
47438
30569
68921
81287
16729
92169
83714
90137
39399
83841
12864
67898
29202
17695
62020
28903
34291
17922
59228
55240
63025
25078
91105
30264
25482
62395
79209
93184
23649
95260
38666
65964
20707
7588
47253
32313
99758
25845
22452
39158
9687
30193
1935
33767
47889
58832
62670
77057
76754
16776
32299
34657
36732
18282
59799
62214
80677
39009
50276
4327
29147
88942
65169
49854
91408
12423
82168
86044
33145
99497
20080
37709
29691
22015
71476
72457
80847
29024
49516
52479
45801
76692
87137
82533
89851
41814
39625
70530
80823
89901
69734
9971
73722
34904
54702
65131
42204
31748
46053
75349
31246
66133
13060
55815
83026
79413
28273
63874
8439
72666
11232
54240
44236
93246
36774
34089
35061
71276
99496
15885
61178
69231
20733
29778
4137
70312
94909
46341
96938
40963
16569
28185
1975
29629
78877
85001
9043
2029
48876
17482
69572
54985
66599
13810
48232
98250
42776
83293
69527
42273
94055
30707
6382
9666
60485
5396
79979
50273
51738
71795
86113
68307
94857
88088
92813
73736
73090
96733
75765
16845
14217
45338
71830
75693
54025
20064
73945
91678
3358
43473
28829
92291
69057
35212
1958
24421
40608
76814
74694
87223
48610
55685
50408
43469
43775
43222
17206
11743
39957
87848
28588
49051
28064
95296
24745
82090
15361
93567
68646
13596
37042
97476
5888
6100
27566
2724
25398
68174
79538
93
50276
23027
55779
685
66496
94431
38785
78579
6175
73619
61305
34764
22671
89369
30061
42293
66337
40299
35862
34985
53895
67781
32462
54661
68758
60028
57385
94157
23080
31801
89127
73356
54828
39784
68919
16202
34216
7705
89658
35269
81324
50964
64910
98872
40335
89848
36043
1550
30148
66782
36535
78920
34564
63874
28459
98200
18780
80721
92358
41861
12524
76363
10095
62229
16149
73891
73309
45242
81596
62968
75388
57798
8811
40299
56671
44023
30148
92715
45573
55173
54375
76986
28972
88940
40861
57431
87141
59642
33031
74377
96380
40432
45618
1353
2662
56644
75245
70848
96764
56842
33818
72153
9519
37506
12454
61067
81529
37479
48660
27103
87530
3037
4090
16503
86854
39829
68811
73996
94348
96719
43251
90729
37152
88869
92082
34692
40392
67328
5541
37157
19049
34236
9311
23445
71742
16642
84512
53272
48999
33174
80376
36530
31088
79343
47910
17943
14050
11599
86816
8399
8320
30068
99128
45472
13815
86089
80164
54207
48295
85706
91364
67344
19943
95553
85666
86563
12196
70180
39836
61195
98231
15090
92602
29320
89311
40513
42140
3362
46990
28957
11762
55310
53902
10891
95659
62594
96980
75825
16803
45277
56409
3045
7499
71229
93475
88043
57793
5673
58224
92507
61745
51333
7598
54349
75530
96909
89739
17671
273
36730
41505
12035
92040
95407
17803
87701
58002
9662
58404
69682
49816
14814
67605
52192
80920
61081
40236
33592
61631
93337
26100
23378
44671
33698
72604
15079
25486
62344
27627
20636
99075
69132
27548
85993
59417
45351
73695
12298
49890
26977
76857
99706
36668
44463
46777
17590
423
87013
51182
56931
80352
72159
75186
19901
5858
47791
29858
26221
5014
57485
46857
4090
21496
69282
90083
80913
14635
58657
93211
59402
85634
64947
53987
17181
4288
765
34771
99587
82655
80830
56520
57885
52990
31707
72664
53725
74376
2523
79947
79390
54885
21682
78357
76381
90965
68441
52173
478
21976
40262
54757
2489
5210
8745
19670
9499
9510
49318
9087
87043
30149
60484
44929
78016
92192
17594
31742
61446
14994
6567
40837
69880
23127
19195
46262
8970
82513
98435
9448
99367
38699
64205
1857
38786
67828
16404
48285
72215
65722
52250
59259
90748
12735
4190
68765
4928
16661
508
61251
31656
1953
96965
1537
25080
16161
42676
34050
93552
35990
38375
87797
69566
97457
89654
8353
65286
936
56639
37503
66658
8890
96762
57407
21625
95829
26173
21431
7369
21558
82682
33902
23511
74526
30316
43468
90687
72992
77518
79117
8983
10771
66915
78549
8230
51447
81780
73516
47260
38420
5897
13919
42187
97537
66203
63812
88244
87253
80120
95613
3690
57681
29516
27201
32208
59832
70670
17773
27703
43066
91768
31563
53838
58684
4991
56945
5010
86771
25339
52270
25192
31237
61067
62256
28775
22148
26069
11897
9403
1068
7512
13093
58749
31905
35171
85834
86615
719
3608
9196
38663
95376
40759
92501
48939
45750
44324
48826
27399
69663
95973
47468
901
51918
9725
24553
74067
30672
36451
78347
31740
38840
86317
85366
65622
16366
71201
47115
17086
69686
56311
50626
59941
97071
38005
3758
37699
82329
52584
65099
51993
43435
12568
47772
95354
22294
72325
64299
52966
3654
37524
79583
37371
23842
64950
2995
35085
36152
50110
47048
716
6423
97674
60657
98371
35680
64415
36071
18010
17000
96047
70004
55313
8617
12654
50668
25788
84979
9845
73631
83511
47369
53215
20883
66088
13043
18755
96050
44072
63743
43100
44788
65043
40775
5447
63415
71333
69862
94363
89343
81740
90412
54225
31931
93906
66879
77476
14572
46737
87321
88203
30249
29568
36296
46009
90533
44216
64765
86584
88288
23386
29685
33077
88429
70461
33401
51845
41795
98141
46209
26016
74759
36622
75119
6691
25406
41999
84167
39978
83613
66366
23059
8740
95934
59355
54750
86468
3572
14393
73053
86737
37779
97616
14693
26209
62955
42971
78054
4751
41113
19141
25644
15873
50641
764
17441
76047
37641
96485
10904
16132
62852
33963
24873
53664
93319
79623
40133
91768
94016
8065
73384
26673
5682
88077
52882
68637
31049
25814
68265
67040
39832
88786
77790
90473
84428
95232
61399
22070
86595
72303
38202
49449
6267
57952
3114
94463
37576
38125
81110
26470
41067
54495
48020
46749
37450
903
10264
63376
21594
73406
30417
61427
62193
3086
46778
46622
93195
8178
63569
79791
75358
96649
29241
81626
49479
27233
70967
87056
65358
52078
8404
6426
1451
56425
48052
38901
52205
53193
2279
68677
26600
27573
30105
83670
30659
71760
25171
23855
74816
83617
3648
50175
75144
27766
26679
24625
54999
97647
6559
20358
44603
14963
21661
46055
66265
64590
79833
13349
17784
82112
82026
39261
4564
7009
17810
35223
78769
37858
53956
53586
21476
57604
98639
91498
85370
20196
16124
35248
12721
22683
55606
57325
32523
72145
98257
93666
36736
78091
7016
54521
55082
83919
88659
59646
90928
6470
89746
64575
44328
43703
18163
60682
96184
11680
52181
76433
31876
63182
11682
44598
85865
67288
96800
13266
34311
95058
1810
71048
68027
3703
20447
23110
87622
9107
77633
78551
10455
67381
43128
49660
11085
56168
10343
2148
62725
57401
78581
94601
20584
90263
34077
1327
52429
25755
9471
86741
20814
11281
52667
83719
14985
67991
6830
97484
71975
84464
76037
82430
46723
14043
26969
52685
65088
32189
54833
27814
89591
33415
17293
5053
18556
46248
1258
65863
72003
10729
47482
87695
16887
95026
71415
31872
63018
78245
24235
34994
57587
273
12303
4311
9193
39272
56997
69158
71461
11831
96972
55930
40124
9143
60984
53557
55391
57119
14298
27396
67848
61780
15092
84735
56807
86507
11486
14703
59630
35721
49698
17219
30871
62001
16407
34941
1274
73404
4100
67612
80113
1073
23544
15115
5093
79405
63549
60485
36525
77848
87881
99250
34506
97850
83986
86191
84358
90349
895
38866
20948
50593
50962
46696
12595
67370
81637
8746
35652
85737
76359
10643
81687
94780
20635
86781
69063
84185
42144
466
56911
30026
99716
91417
22754
78580
72486
1990
63808
73382
40856
84756
18853
91819
31454
26326
54067
7969
35072
89719
93707
6309
364
70272
95966
20999
57054
65030
62
94075
60373
56973
24102
60090
43269
41733
38672
15756
43723
97357
84015
84580
82114
2870
71277
8446
29196
25345
16416
59145
9942
10124
65455
5183
75273
56299
26183
27206
16208
21122
21282
76581
72973
40262
36673
16243
81995
70222
26876
25720
67580
10893
5178
44572
13763
71332
53019
37836
91554
69435
96981
1497
74436
57314
6681
49710
13615
27741
71793
29823
48863
93076
6405
16714
33339
37955
27834
15335
8178
54711
35932
70635
65604
35987
15209
74244
7320
68228
12081
93751
32541
9063
95249
1855
66378
1931
46442
74870
29672
18237
4694
73412
11314
5976
90127
44653
43932
17962
54865
52110
67550
85675
22747
28032
21663
32833
2277
23861
1062
9235
17613
28480
13176
12863
30335
74431
9671
76777
49302
34220
95014
48873
2511
6329
54849
87515
45859
98781
355
726
45770
67906
86401
63394
90815
2942
96227
87970
26803
92166
97205
39294
15524
5259
47034
45859
79690
51583
17514
23870
85803
7407
67620
88314
8613
17348
70707
54473
16130
71063
50076
56777
33847
31355
15049
24663
29174
11277
12634
50855
98320
9841
90149
13845
9977
32061
54581
89668
83644
72096
8416
64326
79503
76037
47518
88116
93385
18227
37467
4393
89290
82420
56048
23138
13776
71097
47801
42951
77252
60436
93806
75573
65154
78833
89419
75131
10895
38878
59677
94540
10975
68094
53744
85355
39009
1263
68350
27272
19490
5818
31665
3658
88239
82590
26796
96892
53689
69475
34721
30942
24789
23405
1393
84820
2239
90812
59952
8012
24569
14508
97429
35544
77479
51174
15778
16489
52437
84128
38638
66805
84823
65180
70463
67940
47772
92137
64834
1462
61613
94432
27281
81279
17839
28674
66100
14955
14365
20930
22967
38934
30315
15274
69355
7795
66448
85133
19161
13764
69262
57799
80569
54087
22981
45910
22028
70753
38048
81739
67092
94538
76173
89250
75818
88889
17925
36796
3845
27167
52604
21690
60978
82919
31841
30335
90715
98290
15469
9877
6932
79609
67677
82378
28574
85535
28289
50602
51166
66338
27220
13136
60877
98270
2387
31574
87160
15189
68370
85882
42357
20975
2450
98212
98772
34292
28548
89488
27460
38895
94242
34392
13382
56797
16771
41956
42333
45060
87435
93499
6276
14656
1513
67154
12927
3900
93605
88
19090
56853
80848
56324
72706
83298
54537
71479
17591
77963
60968
45051
16859
55211
74320
25118
6887
91091
67074
49220
31030
54510
37598
37306
64044
39111
99337
76971
37889
87820
71937
56979
44675
52786
8181
17382
30962
62718
88861
48554
35559
44707
88482
47295
94795
62804
72413
1683
48773
39488
50904
79803
88876
83379
11988
52921
17368
6203
29893
55257
94024
96707
12237
38700
49494
15295
50959
80457
72891
39821
23889
8451
79405
12372
55747
74201
75176
28161
75885
18828
67650
21667
98631
56527
5047
5497
9449
17292
11701
34219
72550
603
30928
84787
39303
75299
94960
85139
50634
67852
19838
74523
76303
99243
81773
32051
73445
51827
60213
44208
70655
22741
65875
64165
74145
65799
69662
78471
83092
76240
12691
55643
76843
38496
35308
11024
13797
25146
96163
59308
92998
16002
33833
69303
15246
10484
96231
83569
62311
56445
27778
32968
74063
88531
97133
43086
49208
61673
21558
32301
37915
29127
82821
14759
67623
13008
25784
76297
38154
16825
35607
31154
32828
69440
95334
42951
74801
91566
26521
37113
42890
49177
64958
16954
37709
62092
60041
86917
23767
76476
14097
56559
5604
91795
71318
73228
4804
91979
49526
37836
8806
80010
63867
36511
44328
59202
79462
19130
50769
862
56244
88536
44916
21203
369
82625
78173
55287
64420
96817
31764
73394
53377
37369
65191
19573
5475
64872
11554
49878
2709
15237
29890
61453
51748
74218
20656
26088
88226
66303
21827
44471
49717
66743
60551
50086
44246
38725
5374
8668
30420
37139
76939
83797
69385
42131
3372
69737
1882
9803
19616
99467
25040
44383
60922
76788
13480
76455
97753
1707
42759
19582
41055
92477
81202
1607
37441
25450
35210
42816
28995
65630
74832
5935
44306
39095
48067
42555
8833
49949
52358
23326
49417
72275
62587
5217
43941
76067
81673
41695
72651
19310
56154
13707
6665
37358
10191
44107
62808
45401
81800
91803
5910
56633
97738
45093
95728
40683
82525
99438
85509
34884
22765
29805
2037
85352
35022
45978
56297
11573
87673
28949
30884
38706
37533
32426
76064
47725
76533
33750
88003
58334
25554
88790
9845
18170
28761
451
53731
11287
99889
34118
41048
22656
63923
43085
2886
93823
89063
59184
5397
71615
83010
31158
10322
20545
63585
81263
63147
34996
15014
46028
88208
35445
34820
98053
53615
63581
98505
2224
74869
98395
36343
10795
15929
95143
53881
13693
83844
42945
72877
84119
9438
50765
15278
14637
66187
73740
95900
29335
8738
10915
75364
96946
46360
5062
89877
94853
63520
88383
97077
33267
81657
28298
44063
92463
18320
97944
6157
2165
35767
73911
81161
45206
24678
91317
59843
85742
65058
55745
15079
68673
61537
85320
60497
7899
90382
50376
97629
53903
33637
89584
87171
10172
17884
31235
2637
31081
24057
3671
28123
59824
77583
9286
99907
97138
604
59752
82881
60539
10375
92837
29214
71912
78158
84588
74688
63418
34965
72318
12200
63480
61904
99371
73652
74665
25484
71166
5747
49541
74838
33870
4243
47299
38033
4152
39315
38637
58781
17074
94054
69156
9913
23269
35946
82948
2735
5513
46368
32578
77831
58568
96058
34613
52817
64588
9279
73178
30633
9903
17597
349
38651
21840
42525
76684
25992
81840
10200
79650
98914
4255
43684
3705
22401
79631
86654
25136
85144
27900
57714
57853
86468
48650
92467
34163
13240
96623
7342
38750
6528
24939
39099
45179
46779
81624
21864
67649
58342
26941
42177
57257
31196
85862
55840
53597
65494
42495
73611
45516
70395
31326
98246
51741
79977
90714
85904
88094
87339
88123
26845
93867
13063
60821
33924
54719
42446
50665
17246
789
77607
59424
52923
8804
40164
8764
57279
536
46136
30891
46052
16532
57094
44299
63150
37072
29892
43932
20044
12109
32056
41766
854
39996
2588
34778
94716
45034
85443
6840
40700
57928
61141
88501
61610
1306
92142
18890
1842
38280
44658
42771
49689
1753
81948
12841
33703
6718
51650
48624
18827
83707
90391
19681
23704
92979
54459
13298
32892
34780
15016
68469
92709
71034
56971
54320
72341
43992
68087
69060
82272
7623
6710
26839
9376
88658
34557
37956
95376
86208
86581
9081
69916
76973
28762
88497
64830
83221
96673
97722
12879
11690
66193
466
82724
18042
54786
49943
62034
17751
13882
39184
25374
20592
66024
29628
4128
582
62461
99504
86790
49043
3463
51584
20894
32225
34960
80602
10324
31634
78325
23203
38201
39396
23670
15803
57439
73333
60624
14351
85962
74506
53536
11337
95098
19561
35842
99226
15020
98304
93608
1812
42225
97071
48273
57997
24174
83233
38600
34498
9745
16926
52578
47946
51200
76248
58627
8640
44460
19252
17868
30423
88635
71404
41760
83734
85842
72480
77838
864
70785
66324
97552
13011
63396
45826
71008
82447
23938
9609
16946
33683
21413
69524
81630
72613
40651
35135
76130
85111
54387
93998
15535
43023
60281
52172
21635
41001
24653
94350
36742
90315
60675
34295
3328
18949
74999
69213
1397
98937
73700
18343
32621
95113
82744
9129
62604
23396
44264
38735
8508
93528
27611
18920
31429
82769
65970
47941
23772
90623
42292
60514
80940
97844
89687
79145
16794
59564
48359
13068
53379
16937
26288
86000
12051
9034
90007
74655
27307
34272
8268
35816
22679
35880
49613
54108
18650
15584
96927
37299
1086
39220
97814
82026
37066
82379
56049
48737
36821
99285
61806
90200
16224
88094
76201
23152
92005
61086
92685
19314
90236
954
50007
12916
31711
99620
61901
50362
10083
58829
87661
11169
92927
80353
93195
29994
57610
44122
73608
94431
43408
35415
84632
59632
18388
55712
77662
5271
16799
70348
19462
1913
66179
69469
14829
97891
63968
71608
48254
74051
25315
30793
85220
18243
11148
73293
48237
63635
17416
16724
58068
60824
52139
37578
15335
65404
93290
87874
65553
4968
58223
85015
6881
24403
54486
16588
22295
13332
83073
65426
87383
8389
96220
72604
26633
2246
40775
69747
60758
58191
86471
18827
13893
33489
56406
24105
93770
44574
11980
59324
44419
65080
44341
46178
84361
93704
62766
1534
7037
45840
61838
89297
54229
58059
56779
75739
55182
97554
45488
15941
50623
31960
29646
64516
65449
80929
83499
59221
20381
90356
13423
64801
50315
57764
10980
34677
46346
68623
31088
53383
9341
92926
42681
58447
45863
99460
34188
95922
91892
79676
11865
42516
6514
36388
1911
66841
17318
85410
20940
32576
70644
34363
97377
20960
87005
3235
50514
33352
66735
81603
81613
76076
69407
24295
29402
15272
18634
63590
11195
10527
38144
17937
47921
44658
54325
49832
6377
66520
35243
27317
93974
765
61681
86229
21726
48687
89465
72240
76916
51078
48721
58530
22033
18130
77703
51435
28279
96337
15026
39474
1742
48047
52289
49663
87582
1492
99495
93960
62890
29616
21278
56865
30382
77836
43095
46985
21401
32561
14103
93195
78517
62825
51726
551
75832
29430
51986
4112
20645
61889
38463
22388
9937
90752
66928
92396
92245
66425
86357
55136
90918
2514
12002
16178
75227
55097
63163
91506
82536
77267
84702
61054
34970
36429
61605
5680
60737
8469
9792
81382
70358
48255
98647
75172
33886
65577
67569
26132
26880
53928
81268
12676
51319
88147
28855
26547
38122
92018
12931
20659
64163
97633
76590
99133
28941
33073
4814
89678
41542
9483
71061
11901
52616
64587
81950
86502
30165
49521
12635
51922
98326
88780
64598
49646
76928
93453
71070
15051
80350
84002
30588
39391
81636
7179
33403
10578
35130
33094
95133
76672
42578
61073
83451
95194
25661
65402
76574
50703
14924
84086
2626
8128
72867
62101
57774
44673
50433
23723
59724
25661
7726
85189
65052
84239
87246
98455
89695
22377
31551
79706
99049
69006
40780
82501
59078
66441
42782
35653
12022
52583
19740
9525
60712
92607
71627
13364
32158
22061
31964
91882
42599
34567
71950
7652
18808
59197
6109
3381
81574
32537
83087
80624
1544
18746
58004
60622
80064
95663
96275
92087
48247
10893
1613
3837
98377
68117
12079
30536
85055
44043
17296
27655
78611
89246
35308
92296
48444
36294
95677
30019
68831
73642
5522
70375
92388
58403
30998
72454
54067
22151
59419
97191
33044
61032
1030
26299
24028
13109
56835
9084
57152
74131
36740
35764
58256
72048
22938
6701
8343
18616
31598
72051
87136
31997
42427
74402
85277
68302
41734
39345
85330
1154
31414
13252
57064
32444
39551
81092
40430
96386
90176
92460
65395
26917
23102
23652
93842
46041
25231
97062
59534
51706
69114
46671
78580
6419
21075
63858
69598
62809
3204
54929
58841
29495
68181
15906
61940
2610
91875
97247
93873
82052
89708
59270
3848
7689
77799
92567
53730
97907
89631
13265
49614
53623
54814
28195
54920
70766
92053
24519
28453
90134
79449
87294
19631
42508
98077
76448
39996
89953
68573
33870
66884
58283
93140
65609
60849
65818
58177
14580
63726
47809
22722
8219
96310
77536
31291
51231
43180
18223
75750
71634
3235
50077
53806
22866
87463
51885
94191
27460
36716
62766
61330
3601
15927
49349
69210
76776
10045
27389
86233
68648
70075
8956
76867
61263
81370
8160
12495
19428
26383
83123
91062
29618
28078
44870
47362
15542
91632
36431
37879
28349
99197
99210
31951
10002
43437
96038
81655
48359
18305
67889
17008
83258
71723
93876
44522
53094
96913
51895
67399
23297
29896
58463
47792
57974
98210
90031
73517
89843
26464
6274
18193
20539
5485
45021
25419
43799
41061
7075
92158
54243
74965
9168
37502
46689
97921
76902
94660
94835
23675
62060
18133
53571
15401
60802
11546
13612
50835
79940
3456
72176
86215
21650
92715
86577
61548
18135
25255
2610
20088
17414
56854
95053
21459
89233
36620
19381
61013
26158
14217
84688
83095
27227
38260
93374
88030
44684
6987
33743
24625
5321
797
5718
21848
93512
92296
83396
6526
12429
80884
21491
29843
37739
16545
46180
21850
48042
65561
82864
69077
74656
67553
47050
1884
692
40425
84791
45376
42290
13412
64878
47611
14209
70597
69459
2600
57771
52856
4003
70200
33741
25494
94920
66357
36916
41101
83085
79835
1541
65950
48913
76197
28381
95963
72958
23950
31267
57751
69326
73557
66040
29083
21169
80250
99680
85505
82850
52329
38362
86853
17407
66981
7225
7205
28216
44141
43184
6179
23977
44725
67006
67767
15800
95388
58608
88758
19339
89875
41387
83543
63433
7429
12627
79479
82556
7185
64985
65407
54391
98225
47138
71798
60084
54363
73880
88300
93381
17065
94480
17359
56667
61487
80003
67344
51753
38612
50981
65970
28489
92368
44391
86799
94674
57018
66280
77231
64203
31266
37516
13472
24369
84654
85270
84453
33895
54028
67632
22154
71094
56990
34390
22639
13355
14394
89984
65109
53007
40966
25957
76373
28212
70348
58050
22888
22244
24331
94996
81324
50475
32514
94796
74844
12046
80067
54176
40819
28973
21809
62973
68
78799
97364
22708
92154
6636
12693
52141
59643
48536
78098
30894
76748
43324
88945
94513
65568
8154
84388
46893
53506
16903
41690
23229
23826
16635
77405
59522
45609
99214
17374
45677
72891
9616
63262
65046
16252
70832
17189
70773
19369
90164
1668
90995
33490
85490
85509
99058
88522
69898
45953
42029
81678
87643
65258
383
4280
42664
54782
49889
36756
72156
90443
9648
81772
48584
74695
92902
19417
86761
63676
33664
76926
60221
24660
10417
45713
5047
9477
29113
69823
50307
71142
51502
37951
36402
46762
42231
73943
1546
86997
5578
68579
72319
15226
50353
20904
84798
43256
40321
66437
1810
68862
43365
62031
93522
48659
2622
98570
53013
31735
68394
3321
97755
14774
41273
34158
61537
78381
2979
57960
60257
3434
26540
32577
18661
71770
48358
98336
15027
88679
59652
11714
57543
97894
73746
45943
46554
71245
39391
94445
97858
2663
97766
95614
17438
33917
24650
73852
7177
27629
26690
67434
31064
53230
94888
44602
25002
43247
37816
34906
26804
97468
46621
79224
95363
15245
25169
36796
86490
64560
26119
84349
62101
23886
74841
79539
52681
99491
48269
59858
21999
74959
22170
53063
23067
11936
92542
48069
55183
25236
77853
81987
17583
19352
56090
7824
34597
81259
39497
15965
40697
65616
95192
2799
89503
70034
77215
37062
64404
20362
91797
86403
95321
13968
34344
18390
25904
21764
61336
75964
47000
34067
52829
64583
53419
8920
67285
82893
90179
6783
93736
25755
72400
88929
23431
56781
53841
648
93843
18246
21010
80518
99526
11210
94486
33871
24477
15268
55635
80690
86109
2637
14759
38939
62097
68178
47860
24260
51073
32917
31044
44810
53549
3445
28617
76981
55103
77335
72506
43824
90459
88393
24343
89986
99603
13707
18736
18958
23852
74371
99649
9962
71885
9286
48901
33984
77464
91638
58244
23415
24557
84165
63102
72983
82487
86596
49965
37591
58810
22472
76292
49270
5744
95512
34134
225
9220
52870
19184
27949
27243
13711
37911
99128
22997
81690
27990
95338
73329
81112
13632
92763
60155
76734
65748
42644
58209
10591
75112
17020
27941
51406
61167
33685
41796
95301
33910
51017
43050
47971
78966
70293
61682
11756
64299
79556
93446
87167
74896
61653
63157
88528
49295
23313
60140
15044
60834
18350
20512
35948
30247
48453
82231
91414
82138
24028
81594
16050
69922
24645
58898
43767
89815
20582
50400
48992
139
43847
31037
69912
378
94194
58441
49673
12386
13460
59594
68097
31810
80107
98922
56935
23438
76031
48350
5578
61
24822
16505
64860
49467
75403
3505
34160
90862
53905
83153
85879
92629
14191
55792
93008
3264
14235
37559
15650
27695
92031
78624
54382
67016
77548
11318
90454
53580
54546
90909
48518
79368
2292
8257
23714
72573
11762
57874
63436
65668
35905
49316
58298
50097
5110
46184
53361
14222
83744
63888
36794
75776
42513
86053
37670
14939
92249
28125
68520
46796
19036
17039
21042
16205
25296
39633
88778
31936
97508
47093
97604
33414
91286
50780
78388
96396
91842
31750
5496
75587
90515
37167
46241
27907
23222
83911
42846
15472
6914
11367
57145
20827
23284
78187
37033
43457
17822
20689
75393
10208
67782
67875
38499
59070
18657
16889
50344
10500
43516
50718
80964
28910
87885
22083
56817
5985
872
99663
21457
2663
5909
73479
23491
29193
46545
55401
67527
59244
76090
42922
69452
43874
10798
2829
2945
24332
19718
48166
29709
58112
98884
10674
87022
86771
27634
43840
92756
23383
38381
9092
26047
44290
82571
49538
68360
29117
99816
35889
83238
75907
73688
52691
19782
84486
55521
17604
3697
70116
65771
33406
28229
59533
38958
15252
46305
61469
53969
33940
84853
92351
43032
10901
36642
20481
55316
5004
44476
55133
35770
27715
31041
9459
75284
45701
88822
25683
58182
92519
90676
18831
20804
18907
78365
59762
29036
19548
16109
77883
53488
963
70235
91397
6741
1755
6757
62057
6759
46110
12068
37406
68702
37987
46865
43987
78565
35689
64547
36748
23086
55225
50457
43890
69009
23700
98529
92922
43248
14640
70806
91614
15603
41042
77889
17222
42798
84646
79279
44434
30757
86225
76718
99460
24213
23584
38325
2779
54150
2874
34404
77237
52976
84861
16005
21986
8562
14536
9786
46688
24053
80593
38303
34533
16513
16193
51755
54188
95717
25913
98623
21352
12139
75342
15690
36352
93803
54016
34008
42832
51767
63289
14947
4744
43029
30952
21607
46468
40365
26270
93156
64418
6864
26337
98952
18255
42531
50708
72443
38249
76621
71067
54478
88760
41287
70169
19990
29969
24186
48875
72801
70830
12166
87748
70451
55195
18701
86935
96540
53944
13206
89698
18363
14948
16036
17316
33203
53444
62902
5647
86570
39524
71592
41050
23163
12880
11220
38030
37726
30283
81783
10528
1114
93949
93153
66442
44022
6733
53378
35440
60677
66584
25139
79040
81532
36053
91234
14736
84374
54137
20384
65823
88538
91976
1751
6579
99733
12971
39487
32338
38131
21271
42866
34122
10098
30898
565
48997
37631
53943
84437
93185
15405
4455
67103
96938
35385
58338
6552
19760
7353
21813
80460
95892
8667
82211
97348
8402
90059
36836
40740
28191
58107
78483
57190
68205
4259
57755
17203
41890
6576
1642
29953
21982
6097
97057
13798
36359
55396
20350
56119
57627
37041
36581
53520
45708
18793
50869
48987
8854
82583
89727
31922
40691
63089
89113
3775
67348
41746
20978
4117
48323
17497
34070
70305
18471
26005
84103
54830
81402
99330
5828
39030
36372
42409
87427
76958
56079
33174
25946
59810
15758
10552
86610
51327
73641
75724
55102
35867
17471
70957
34861
65794
88455
63809
30977
6927
89814
9958
56635
66094
4167
62463
2
35416
99749
87429
12375
50706
15482
38322
10518
26117
43751
97128
77444
12270
67730
27424
48137
80078
98382
77876
40751
86838
41686
71728
88642
31501
76564
40155
92473
80731
2619
92475
16148
2369
74783
23401
47953
90265
56600
58471
11260
352
50477
88705
12622
18208
16130
55636
93163
14513
33513
33915
96228
70076
522
79749
96455
77086
19905
88929
52695
22525
81405
63720
19771
56189
87121
67724
41332
43722
21073
52593
38951
71550
36176
51573
84635
52306
2088
77800
61697
35601
6593
52803
556
7115
32553
97011
84201
52459
85941
36897
69861
62224
95495
84509
18415
82617
52235
59747
21218
68185
7218
60169
34614
43394
6621
19250
90578
8709
91927
47153
39187
98521
99956
39743
5637
27388
36755
84716
79847
17574
16491
44586
79799
11987
29096
93091
89482
76208
47716
10701
39272
54935
65747
73886
93206
72368
93136
83785
81077
79942
30939
15143
78464
30897
54886
78978
58285
86519
58572
33010
98970
75064
72473
73647
81928
96446
66739
71411
72656
9334
82112
6806
59146
47861
80692
52353
15107
73829
36140
91062
53772
67079
6206
27114
92853
61092
6094
46016
42489
59543
73903
41461
34608
46377
15109
11415
42825
76726
82826
10359
80937
59817
17165
40084
2556
97857
92437
12540
66564
23455
3603
15215
85412
9809
42329
78266
70902
43300
24284
8269
97721
93064
49730
32330
39443
59717
38622
77145
31321
21450
82381
12259
76144
94423
52343
73577
87158
39658
86117
48600
57991
89721
63815
43404
99530
1023
21671
65310
39200
40832
73580
36922
33898
18188
64130
68218
72782
2753
40241
4104
19080
17500
16363
90101
11924
63583
63679
93959
98119
44675
42560
56111
34397
1254
99515
28805
2277
16064
94116
36354
51774
62574
68154
85672
75639
32285
48768
48423
29915
83886
52527
43873
1387
63768
33975
8188
27352
92532
2148
25472
32085
44708
76460
66482
45962
75976
90164
43116
92041
79158
79471
43816
36610
47626
24366
12251
74788
68011
60674
99580
51898
8079
43454
48162
71847
72307
56350
94077
59717
58498
14427
91802
98083
90888
53162
44047
61742
43327
82040
53784
22487
61512
92477
53974
4016
11721
66225
78804
74609
21777
78386
21385
29857
16718
69547
96581
89025
25898
85536
48743
84396
99964
35423
77358
85730
88585
21406
47473
26791
3447
96135
44155
59837
83490
98129
58730
90089
64356
37536
64699
86133
10800
86085
10868
22395
50510
2328
11422
76409
82741
55042
55683
82706
85343
33042
63314
73929
49325
10789
721
47650
1802
39753
7488
85292
37884
66218
75382
2241
98631
34960
83251
4309
15923
88997
26705
66433
86202
33004
37720
68944
82923
88281
51652
68267
16201
9844
37075
65527
20633
32673
8055
22435
72427
10420
2606
10312
71515
77988
7430
70148
12949
90681
69334
23749
74556
90916
90183
60759
18798
22781
29705
1723
11063
76234
64867
27265
86078
1943
87669
1590
29494
95724
18902
1922
6145
21508
12234
77660
99497
14541
42686
7324
100
6899
25951
74657
97815
16135
35417
11492
38916
59999
13215
44857
36234
72959
72122
17191
69780
59792
18781
99274
50394
37683
1197
56539
54069
8308
29077
48444
22849
71764
55768
22949
78663
76596
92483
71356
92731
22779
82848
26526
82778
90940
71383
13891
58778
38383
31082
28559
93052
44740
27834
43447
77300
23908
94863
31370
27093
23941
79814
49942
95705
30461
67768
69246
7058
55130
35481
94667
77909
18330
21194
60688
4149
87454
74579
62927
20715
539
91486
13768
45279
14198
52092
22581
38106
46956
53951
65199
70897
28644
10019
61481
59105
72664
30728
61040
27795
66209
55708
5705
79417
71779
61271
78443
59234
35851
41371
74826
31268
27735
88594
76547
41933
40687
94005
74916
82520
42835
34993
53419
71479
45012
9778
25462
17677
40506
86502
40350
1594
42212
46055
75888
13992
7327
54332
68104
38056
95703
42931
69324
23439
26404
40749
60249
61968
34756
35166
44490
77591
70159
92786
43948
10049
2565
69410
22603
43071
55913
62953
39542
98125
3887
10308
6996
6091
64640
75100
44147
55221
12909
8349
73537
39313
49099
33787
1283
78732
63830
40650
56324
28867
33437
273
38916
36002
64560
61520
73950
20474
19351
13494
13478
23238
23802
20474
24207
83320
90451
68354
38542
3361
71581
12081
37552
15558
40745
38835
94290
4577
74362
45492
33444
7800
40642
67238
43802
5203
28759
17753
25677
42987
26124
39155
61103
44804
54506
85310
28125
44958
48542
61544
43197
20124
73625
80749
35682
9249
14462
24850
13826
88824
70342
42147
96624
10985
9386
40427
16188
33022
53057
36743
76010
74059
70775
37114
18864
25283
22425
41866
65118
65844
3411
8316
85969
71914
89065
16529
81163
3528
41380
89866
92352
11723
32014
88977
17586
41401
24282
33774
69300
77340
65394
45311
46277
36171
77302
65141
56331
94604
1885
21450
60450
5296
29767
41297
72087
18833
57826
48128
17239
99206
37995
9592
5808
70010
93447
23394
6289
17730
52045
75589
89947
12318
15779
36225
48489
87958
96243
4821
82564
98128
21148
37892
98302
50915
79189
65267
64626
31893
13397
81865
25978
51392
86334
31786
16280
79782
50057
17446
92390
96979
87913
82338
9298
98569
13442
57787
86528
9686
57485
63970
7816
73511
96739
996
24427
75929
66263
83930
2701
79660
60673
28679
25931
47009
60465
37088
21669
5400
54535
14060
2380
37326
91276
11679
35896
4719
64343
17302
9282
16707
81273
11975
90218
72890
12971
9523
48821
79235
93454
46399
53773
54128
75078
74581
96014
30421
11671
17685
35821
61083
26622
33078
98409
17899
44757
29183
22618
3979
46485
31901
20686
22636
43876
5782
95527
51725
15305
39226
25838
3637
85625
79611
52643
55581
54194
48658
86002
60742
61220
16701
21826
87843
49779
15113
5743
89414
39173
23239
93393
80535
50017
8957
98049
88770
14739
88454
40496
24921
22558
66334
28559
8184
40824
81202
58642
89895
29861
44645
50638
85959
61346
67341
73803
11126
77331
74423
541
16505
92539
88811
97040
37434
92645
95090
26206
7385
83545
61579
27184
981
22792
55743
9165
63616
36946
62684
48389
61684
7330
93904
47644
63553
61246
16325
74680
33455
85626
70098
49960
78166
53788
41878
15602
46434
31847
36685
48697
10270
98264
75881
11252
15934
26502
15294
74427
63448
77979
22817
25133
80186
16722
67655
43741
72845
83980
13299
6301
69607
78274
51138
42652
32063
93017
53131
73375
19742
89816
16950
30012
82958
87708
41264
98893
14211
51436
73321
72536
29416
91016
97669
9603
7739
60202
53344
75462
39061
66643
76640
8669
44919
27780
46198
71859
15675
99329
40112
35417
84023
57062
60306
66983
44771
96448
60754
53859
47885
34076
26396
72178
25093
18944
81781
27710
79146
30004
98049
18208
91524
74690
21755
31321
97347
62830
98058
13023
62161
38171
43317
46185
95234
98501
8046
34883
89827
68800
88743
37713
97754
15140
4769
17725
34084
86550
40312
8109
11432
38362
21194
97834
7931
37826
29156
5279
658
27215
13180
62819
65387
51374
3882
55499
49876
6806
90382
39704
75606
79126
72294
68238
89144
77063
85964
18106
58492
26277
21092
64801
59517
42287
62636
67448
80113
91793
72727
80771
13886
85907
38468
79273
37283
37228
29650
82036
44034
20034
16619
14518
94037
88913
82757
78059
60855
68722
96166
19348
89876
17259
84149
49394
54423
41664
11720
29415
33458
84448
5064
42221
65233
43533
16373
97393
75638
46023
79431
19673
66057
90927
34191
54973
79841
11826
33033
35574
75425
24077
49799
65303
36214
33950
9575
90637
75614
21296
14930
3950
622
19995
46171
65855
63528
62544
63250
39167
8569
37559
53717
69503
28487
82785
24477
3206
94612
52388
38781
70038
76465
88580
30219
12680
17408
34672
98195
87899
50845
13126
86726
51467
33121
27776
12200
91526
85197
70327
25571
88643
7887
79288
58148
31251
56952
77502
34458
51565
29891
68116
16481
1235
51574
41578
13915
63860
76250
6988
46637
27096
20115
33365
73440
53236
56018
85640
39641
41216
55969
65212
29861
58733
39379
82886
89985
96331
60389
19321
47897
85158
82314
59255
86393
28766
834
95185
92626
71961
2175
34142
99057
17167
62384
67375
65280
18403
53017
4922
59619
3864
70135
84357
62597
9515
67244
47460
5847
27635
66781
48621
7671
43973
2754
88941
72740
3589
79004
60244
75550
76056
94386
69486
93223
56771
36862
58505
75174
84756
63427
29672
88620
33563
14030
46096
37955
81275
93556
38679
3788
55216
87300
11459
99189
84932
95277
66807
88521
74282
27053
58949
50340
21440
23313
38441
73089
60176
96946
43141
39810
55252
72813
28432
83692
81721
69405
21649
62997
62962
60328
66785
13056
42507
73121
12247
27440
68399
73931
10839
37559
985
69788
82776
17303
87979
21219
85269
48156
18166
28411
82843
73418
96102
11276
57112
77824
80681
73638
40822
38522
28844
2485
51578
71351
70483
58702
93668
33760
32635
4508
71319
28497
69174
54097
40677
57154
75316
25947
188
88359
49236
83031
56656
45339
89185
8646
23164
64744
82284
58863
98143
6006
56225
49723
77358
21586
3303
71027
55346
30815
70413
21543
59313
39588
70517
94867
96742
40711
15693
91807
29072
64929
69716
80605
5146
58902
89251
28310
18525
66413
82050
16669
72419
33153
61269
44655
54739
64573
10561
10086
95388
80974
31629
49579
20563
2148
44448
12183
37736
60141
3991
66808
19948
73707
42291
25094
27488
26420
48281
46013
87710
30332
57559
55008
63485
18830
99663
13102
83403
10225
23188
73669
91199
49694
23250
6640
46719
62575
18823
84456
17594
17691
46142
37542
86276
88434
57513
8642
14855
5795
49532
2567
36127
7092
57575
94489
25922
52116
7592
4203
62342
25657
77873
48419
70228
96000
49937
16949
53453
68760
96282
71047
81329
42425
3467
62483
30860
60980
71125
40593
66775
15535
38037
97779
22627
90489
87146
48550
42606
89615
47630
99825
10150
20381
43123
80378
16382
93060
97327
69835
56698
93610
35760
32905
30914
34104
95388
56651
95084
61391
97244
56737
76926
30159
54517
94431
20649
36541
37859
58133
26157
85489
52836
31184
5872
95959
11564
17131
83897
3769
81844
40597
92257
17605
73502
23172
51710
63769
79823
41672
20038
71946
98410
96965
2106
47805
86274
17633
79224
24134
70643
259
9624
23480
31444
10373
19441
43008
27505
3339
46777
9350
38813
39035
21832
12317
62207
68419
70963
36909
10093
91001
3733
3381
82844
5839
46063
69119
18349
25288
93253
88992
25548
2879
7351
56992
8129
21669
1
35634
25008
41655
39861
58699
80691
61694
65893
37776
24991
36857
74685
29961
27859
78418
33342
10705
79135
74283
79824
92361
99571
73079
76232
25120
70835
83583
76989
73841
5253
76990
9477
25138
13524
44215
83837
94215
787
44608
26869
25779
81465
96432
55740
4203
69728
83960
14908
48864
58244
89609
36104
52693
57566
7214
77814
23279
90797
54804
97121
90927
26673
1476
10943
40197
45691
89658
29290
41356
34267
56159
67135
15734
47469
17753
19937
17199
96590
29722
60940
54835
14209
97044
7530
71776
4259
80221
95055
89933
29903
87054
75738
51453
88530
86682
86527
29100
71218
10695
70456
5486
66855
32469
16097
14325
50222
30911
26401
46814
55510
87342
96526
69720
84387
98933
41497
83524
79155
31430
68335
3937
18486
44075
55390
1894
25635
41919
30994
96853
52614
96327
97216
14347
28797
13315
23550
79020
39103
49951
20712
94614
37294
17239
64335
16560
16174
710
94961
90206
32140
63297
94143
45503
2250
49535
47398
27885
86331
73269
19616
33823
69598
16834
48171
93272
25026
66598
72293
64129
11427
87882
53621
43599
5123
17957
60159
16174
13544
49998
6381
40562
13296
95402
86065
15547
44938
28341
38309
26147
96488
57926
59970
60964
69637
3019
54237
94663
69617
21409
58793
75922
9292
7293
19522
9292
20127
74558
25466
33672
24557
26725
74234
32730
22128
55177
43154
61943
78396
81464
88090
69762
34268
42938
30727
3906
45958
79841
98569
10453
1251
52240
86375
10544
59533
5898
14713
74538
75333
40180
8211
99890
66905
77322
32622
83910
27377
70653
45854
5774
46995
28822
75536
81263
71760
1141
85169
12596
80983
78616
23050
77111
25735
9426
82532
80145
10202
97246
54684
85535
37427
57772
85427
99209
35095
12927
77997
62473
78457
18729
63124
25454
47551
38662
6718
14189
34680
86765
26786
15664
60259
49836
87653
85994
54139
70186
66141
64341
67433
15703
44755
99737
73476
25060
98947
8572
37987
71822
65922
16445
90551
29048
36776
32980
62587
43495
47170
97267
25138
68833
7810
85397
13547
95463
71393
67686
60527
32412
26906
27962
48115
71661
27700
21592
96721
21526
25042
29586
93348
85841
40908
78778
14890
77685
11759
72354
16058
58929
64500
41196
22640
67187
26594
36187
57528
92864
98751
18056
25277
20535
46018
68270
87073
68596
84739
78672
84999
4659
3136
78348
90501
44044
57127
269
16607
63764
72624
27542
22694
37125
68738
40212
99189
90210
76399
56718
83075
70028
74774
3231
90563
15671
66378
77637
79144
51118
51187
64144
55778
54323
42493
46280
93245
94498
41426
9853
58263
14051
32273
75834
46053
95888
16047
45243
86099
87324
1962
64053
52230
71614
62161
42795
87285
28540
15310
66430
74535
66498
25452
30314
20822
67945
71471
8945
57321
12899
18799
15585
21827
45949
86297
67881
41838
97221
8002
22816
79423
9965
86869
31655
76456
43908
74450
58619
72448
84637
19927
46984
46013
45379
72176
61713
8202
38525
70658
65524
51424
84334
75986
68129
30284
57161
36011
72123
54384
38890
89816
33808
43732
76686
65463
20189
15472
34791
73685
87920
14307
93612
29782
60320
38992
96835
16911
42072
35362
87570
7597
81663
66782
78460
49793
91944
35623
80681
58945
84884
19573
48762
18693
58182
25449
79034
78372
40921
13826
52058
23719
23010
40549
48378
78208
79541
45215
95119
16491
75454
77567
24088
57118
39228
97426
1790
31173
33050
77348
90118
17935
96921
38881
31505
55105
59207
10540
28355
95005
19244
75290
13602
37131
15840
61980
15340
90259
2073
5338
6751
77527
82905
25717
34647
22134
23144
31314
48184
51071
8663
38303
63883
463
77184
95388
50445
31269
807
78800
26275
14928
54091
39877
46936
64809
1859
62277
55069
3932
67615
56697
76337
45398
82414
5862
62410
5559
37176
10595
51507
45839
43776
15391
46302
15838
5658
91624
47108
1342
70425
73383
11147
19395
13262
58083
84204
9998
15238
34151
8807
82853
90848
85144
23130
73264
91006
80417
73700
23060
91012
20086
68900
29666
30354
10080
45505
36012
1706
92613
32231
67008
65997
43378
81280
74136
96339
60362
84134
11578
89390
92942
89309
80240
72964
7317
48382
63972
87734
16960
87032
73624
37046
50810
3292
67401
55768
48797
98290
52351
41411
30523
14237
2286
68778
95518
76423
59995
50758
60558
66451
40150
48378
55761
15268
21344
63078
63650
80193
50813
80610
62103
24438
12535
7792
22607
74813
58437
66281
73104
5666
7693
98504
19903
4857
62161
10299
81280
22157
61058
36716
88608
96085
79972
39247
11354
96193
2326
75004
76387
48016
50492
33368
67332
57904
41160
84816
32718
99597
51099
5824
5264
53669
99205
20045
58526
61367
25221
34684
78402
81156
66278
67011
77242
46251
1137
88596
42445
98339
58478
13710
46357
3849
47078
8567
61753
88239
93383
89349
82714
44483
95173
82856
98153
94379
2902
51557
50625
28123
86242
29028
9281
52521
90916
81400
93649
92053
64875
36095
90394
23354
49805
31629
22080
96883
35073
78711
80000
28457
68061
57593
67818
58112
40450
60849
52492
38229
7284
97994
61229
93526
27023
65387
40925
17941
46789
34575
4872
11665
65547
90143
29896
15353
16650
46854
7115
51723
25566
81992
75058
93627
39586
37754
51740
74913
98603
99109
13143
5888
97105
69250
94292
19006
34638
35218
31824
76304
64671
31574
82846
30219
21718
7621
40450
38369
54475
42442
90092
80041
24435
60028
68546
58899
97782
15164
33813
91263
9151
41834
92029
6257
5962
86322
20141
40600
16418
51965
11783
75966
83539
94629
6187
136
2251
41514
38505
56726
83956
23475
31645
3269
83504
95068
62168
81287
10233
90859
72552
19385
27571
64582
20519
33533
45782
40660
69010
62200
87503
80793
33045
65920
75424
39232
66056
72552
80746
4562
29280
59580
28038
55802
62849
6420
45749
19896
87707
50859
5633
55137
70244
28081
14597
85641
56491
60379
21179
25502
17458
3560
1174
50503
69481
76598
84612
35538
49151
60236
40101
73308
19817
63016
23989
77543
64313
69738
92316
46898
20598
92826
2037
85720
15785
11511
66239
72276
71891
87418
97779
84226
90979
93830
29607
55338
70429
9097
90876
14458
69333
25855
82644
84027
83748
1511
56448
48062
66126
43643
94961
81601
36470
91875
62199
52256
3387
28439
19410
70155
10736
12067
49259
96592
5898
78866
51931
71204
87963
42808
80540
52174
63541
63185
36202
47290
59573
87528
95353
25700
31172
90315
2179
62519
77068
64379
14776
80455
87695
34187
45489
98431
46254
94748
95024
52153
73616
41833
18235
56457
79519
98775
3510
43061
61961
39712
90351
16412
22118
85705
36989
53290
70898
39169
15811
47967
3549
25464
23301
91244
54528
68790
84554
95660
63539
74456
42691
32033
16291
60926
83368
90687
59703
86878
33749
16542
21468
18978
32955
43587
99561
69944
91754
70460
3991
7566
13306
2417
27908
36607
88539
82436
275
73094
78097
58691
42428
20789
90725
53596
76593
68971
44284
36297
55850
78033
52839
72195
91889
80671
10660
91451
45494
2416
61912
49485
4859
70095
46780
32767
1580
35320
15205
1855
8415
88179
55424
45720
3847
41027
99317
80440
9999
43602
16738
60726
16514
64454
32922
8404
45127
43583
99855
90621
40876
56645
34984
45735
26742
81764
78503
23199
17085
88585
19932
20377
76765
75356
66098
75489
16384
65416
55930
21260
3896
67545
81986
20410
32001
9786
28814
72005
48246
28670
57504
89122
80193
87365
34859
6936
69131
8240
25012
81093
96825
44944
96348
68468
20301
62447
43959
31562
22741
94766
52822
26637
57190
34809
47048
84068
39473
70739
56074
87719
94287
8456
71720
74481
95821
1457
81417
59830
9697
1307
40925
1400
46252
37274
64745
61430
94598
3582
92993
12217
98349
45816
33731
50417
75503
75656
34486
14977
46397
85437
97573
40685
93893
69294
15167
89715
65628
91461
44424
75325
92768
85349
71602
33898
17501
36349
95329
6977
39931
88323
19194
33158
29017
52925
83575
4521
28583
18062
14375
69857
3500
11950
5420
97393
76121
20587
81987
36628
6926
26412
11954
94571
6639
78434
28471
19017
14784
23801
25994
49592
12125
45188
82751
36019
92990
66327
40541
16451
84390
49793
81185
82767
56620
86605
75039
32743
2070
51904
69371
8996
73193
76202
3569
79832
49514
32040
98849
64298
50718
19721
13892
57720
59786
91520
93739
52777
57848
34281
64106
37116
78952
40169
14762
35573
26776
89801
63193
28846
41706
32565
32720
14900
3646
31166
89609
53160
63206
83336
12337
8802
97934
21106
66522
57721
12627
60262
5376
65352
89421
64359
97346
68374
4530
12109
3948
31306
1911
67142
55029
38494
94584
87749
48271
93107
18916
32758
41146
76999
16095
48360
85801
8907
64343
52324
66628
71847
7465
72004
37200
91763
36365
29424
60138
40895
41533
58963
67078
38321
20983
22108
76815
10446
9859
25087
98430
23652
52722
39577
653
63694
82814
81331
72601
47158
28534
39230
19006
35999
6113
51084
27763
37355
80508
82778
78250
16920
36619
40206
55241
57603
62314
26935
68049
72173
46899
61357
95826
99622
936
91356
63317
78627
72688
35920
25787
1223
75150
39670
32099
76140
90754
59862
13496
66141
37518
86623
77938
74138
26830
33180
31742
89145
60115
94668
56196
1893
56026
46900
1516
51839
38257
64833
30468
5824
754
51132
7047
70782
90802
39147
41800
76435
93886
55297
37454
31406
41921
15393
5545
68752
43450
32164
57898
98443
26833
8972
337
77736
55873
1853
29577
89007
61563
54922
94831
62318
6055
96756
27978
96857
35904
64655
68170
24668
19953
5625
56074
61875
21018
61619
25505
64469
88660
83403
62913
15494
87252
63250
88108
43126
59980
12563
32135
21544
67485
21844
78739
68417
18601
1595
65275
54505
66251
28324
79174
86204
33949
30126
42957
54968
86623
68462
14315
75284
46743
72105
85656
33997
35356
73765
77123
90213
86328
4136
11758
53814
25981
90498
22232
39459
92093
82384
93965
58345
10709
68017
39428
39536
93020
82385
89381
79644
50849
3697
54930
92469
75802
35464
26467
6036
9230
98468
96249
95558
97481
8008
44250
18340
93383
61359
57800
80355
38621
46643
38701
44208
14661
73006
83744
2559
55393
68003
82204
1120
71700
32012
88466
42380
67476
14935
48416
71583
8281
39543
62019
5763
42428
6270
24104
35813
62506
81904
16169
96004
28548
49747
40213
38086
22755
18835
40645
73025
86838
17727
69022
53416
44616
57489
95796
6970
67301
39090
78553
75582
78633
40573
76223
21063
41720
328
51753
99103
77109
67922
95109
535
17670
30200
33498
35302
43913
69020
8328
25629
81625
77350
79046
26242
34841
69720
33213
2143
8812
6644
72603
82322
47218
48827
98262
88938
44032
50016
88043
16019
17939
78030
16554
30487
8231
44929
65789
52144
13950
74118
72651
95575
46346
51698
21819
76064
21419
49909
73085
25108
56553
45689
2309
98648
89393
572
82465
28303
45466
65386
44322
58282
43417
55753
88769
46525
683
49437
93547
14633
18433
66199
5087
59656
17898
21783
35722
34194
71692
8808
54180
23123
49374
51366
21773
38768
46815
4239
67071
92281
69625
6271
50565
13043
62024
34212
54445
57584
78526
47993
72217
96959
14193
72181
56617
26968
93964
87216
56040
65657
96024
10221
83658
40276
61587
5432
73921
8403
4548
35870
95562
74173
42141
41005
82093
99042
75217
36539
56627
48622
84533
28845
40459
93603
1028
91953
20573
89869
79170
76613
55528
70072
81711
34064
10349
38176
39496
84270
41456
44044
20141
37019
13095
57159
78024
95188
56202
48120
26605
12830
96742
6016
36553
37202
99620
32458
29157
15071
22328
8328
86561
72733
73278
68273
6798
83627
6450
41171
62776
47906
80092
77794
79803
93187
29832
57828
83253
86034
5949
9860
93742
2692
10753
30296
34772
5251
62754
63929
20322
79959
67134
6884
52694
40413
70034
54369
18919
71361
95541
76572
14146
75634
49244
93949
63700
79076
51778
46954
59989
52605
51691
53732
50174
62445
84028
84946
62573
41660
43753
82896
16497
10889
84657
69191
46179
49570
18439
59975
20932
13981
31425
35078
84492
80670
29028
48193
59747
75684
90025
19737
28290
41717
68346
78464
99039
47252
58289
61614
88912
2043
39388
5411
7809
18923
69479
53989
68493
82795
8842
89426
91653
40268
24505
76147
20939
48411
19218
75563
24096
9244
90178
47263
45839
58525
20605
39756
5779
78894
96247
89568
80938
30513
89856
88747
49437
54214
37614
17931
37010
46457
2235
28665
86725
21618
99689
2542
64906
13785
78105
89002
17907
63161
31143
58623
21688
51748
98379
22344
30644
89505
11913
11583
20019
96647
95207
64333
50862
32823
82265
82749
79280
79377
6292
60883
996
859
63425
65902
14645
36408
49782
27429
99570
75802
86052
16136
27552
79309
38480
58196
68815
45270
64656
88835
36795
59864
53169
82534
92687
30312
65285
66845
4568
66454
27729
441
67314
91154
61221
76836
22441
11004
4266
22012
86807
90318
33025
9237
69628
66382
62310
33322
11653
21844
17035
43326
81708
70204
25861
69274
95394
91146
36120
94839
57602
58727
95280
19794
44759
56502
96630
67200
62384
897
84089
44069
86092
17115
53306
50598
83497
15617
83920
90028
32338
956
33355
14047
66038
59216
78198
56310
45241
14320
51150
97720
67924
46431
17515
12684
2935
9023
79885
60196
4797
63975
4266
90889
75968
57572
36365
59466
68066
15164
44372
405
16120
77727
9329
77035
31822
87528
33346
77063
96725
79373
69661
64650
20683
87176
77334
18495
96199
52097
78691
95873
10951
82957
86763
86919
40530
18006
41263
3474
33170
85636
3879
44168
58241
13208
21204
90063
95613
49428
62004
92339
28802
31666
51867
49485
13720
29203
67980
4797
76177
46672
671
87128
24507
82311
74048
65037
319
15313
68511
33489
950
67267
77657
54068
75353
93739
44133
70967
43168
6138
58185
66847
32682
10053
16334
46402
34133
79191
46077
10312
20742
46748
97440
45249
23938
66367
5165
24257
81680
68553
52623
77507
35822
25159
31576
6053
18899
70586
77020
56944
71602
30083
23792
4285
40137
35003
45564
74270
9073
91641
79459
29815
33268
76901
69941
57206
43269
69983
76340
19827
38538
23841
92211
69237
49000
23788
75290
62776
94375
47188
19721
65978
77272
43514
65140
12287
73394
10705
81434
82467
97224
60895
7160
25370
32674
77102
77453
70820
41963
53794
90647
80501
77635
82859
44616
21514
1525
14784
84290
90777
61973
98889
51633
34123
37281
16774
46410
10676
22357
27845
93144
14459
83617
95181
39829
16292
72284
17283
87112
14249
65954
72637
89627
38467
50374
29122
59981
46777
43906
39150
37555
757
32917
89189
34880
70198
841
76167
75751
23198
98890
63773
37657
82508
58956
72363
98801
26118
84523
80791
40367
50478
48307
24873
88946
93558
53995
43805
40336
92778
77832
77892
93536
10750
61959
23294
75825
62800
94339
51578
80876
93230
15352
13411
70616
74308
80652
64295
428
65176
39965
35672
15656
88272
55422
99479
81831
4295
38162
22169
91951
15996
94938
80365
26746
51775
3660
97449
9453
92876
49028
90329
80984
59257
98618
51602
28444
79271
10775
23749
44448
50740
54298
54981
33890
9722
54461
15723
8894
92624
32769
846
3498
22585
81211
25121
74360
79749
22571
83813
72626
71599
69021
48489
25735
67640
92
54179
46912
5744
77928
91360
56485
32227
41220
90375
36826
95681
976
45721
83183
28622
46567
86681
51207
27780
11804
25568
7530
34375
4260
75033
853
73281
23523
21465
40922
18492
75644
82711
24237
48450
68949
75599
80677
10170
65975
12382
730
61829
58103
83913
90451
4671
70596
41660
27328
77277
62105
29735
6530
61242
4770
2260
34524
28293
23725
70323
46786
99369
47912
71023
47820
16863
46623
23376
21910
7476
30635
22640
69305
88738
1432
54635
88286
72028
91172
10493
44183
48155
40228
50713
9399
44998
52974
38800
73292
76699
9125
14956
70947
51914
85979
13645
68777
27480
31898
85565
29833
62533
8206
94016
46149
9638
48652
34437
76543
39825
39807
15604
87980
80035
66318
92256
25035
14170
31058
93204
85746
35060
8161
56694
86974
89017
70340
50630
11375
2239
36196
41208
59650
44402
35225
5800
48918
78754
35114
25462
18580
74921
41067
1439
54958
2263
93695
74870
11310
24754
68075
97056
59814
71113
53752
41667
60131
18970
92297
71506
16086
28494
7592
75736
67773
37695
76414
16692
16450
11529
37032
35031
86451
72976
31347
41410
75239
25043
16281
86549
44675
79233
78483
99366
50347
27113
41034
5356
46083
33332
71739
57047
61826
79331
27661
29601
17027
4076
41170
33478
10483
78202
63386
96934
51179
89610
33222
21296
14654
44380
2723
54206
23614
81207
48451
68838
3198
89485
74194
44159
17696
45934
1207
74399
25266
23745
98877
37171
27822
40049
65526
38305
18252
28913
30117
64309
18524
63339
80482
28055
2597
78083
77139
26211
59291
25591
89926
57366
15077
64121
1526
27650
4933
2733
2051
25076
26479
929
62247
49178
40978
27774
82360
54108
51564
12478
13295
64965
70694
93777
87898
73291
71861
65038
94379
26030
85506
79183
83397
95460
43305
84923
23112
43115
82534
25163
68191
9014
26092
25317
53069
61948
47968
35430
16057
99533
42785
29352
59376
8357
23130
42152
76525
89869
2068
65782
15900
87574
44966
99297
83036
88271
79099
1026
26264
61634
26189
94455
65525
47158
19773
18595
9107
67742
48902
25164
62153
86564
49393
16407
94921
67401
58560
71447
57271
60628
37230
73171
43081
82196
67347
26118
65345
41324
22021
91609
2959
48210
80942
68484
90245
717
81956
99353
63336
30859
19395
25490
17424
68789
41897
7223
36191
95334
73547
88339
55964
10778
56388
99045
87851
18613
20041
48074
59937
42062
34561
57773
85149
15504
21135
75395
11098
3092
69626
74434
28828
83899
99924
41129
52689
36700
43229
83757
32035
16777
72097
82876
22432
23363
81922
10284
41977
96840
53235
1915
38903
87796
59689
18930
98178
80824
89203
9277
78794
58830
83712
2500
37607
78514
43630
90296
15215
86859
68931
42128
98514
35906
25005
20947
59270
1806
26109
1248
98646
79344
98039
32428
62019
57729
46235
60198
33432
35439
69475
7104
89147
53188
9604
26755
26581
48111
11930
41796
29849
75738
78801
28364
11646
98684
44188
70916
95367
70297
67041
88891
49643
65081
16197
11663
17689
62433
66738
45998
92749
36214
53102
76774
84280
57583
3531
10862
573
10338
47535
30422
86076
26338
53663
92599
19900
97851
63516
15268
68150
25435
4160
12671
90517
15235
19211
3084
77668
85949
49082
70418
17041
2185
47194
1322
54645
45602
12184
55218
50817
54597
80517
36894
75812
34181
29495
95712
26911
87888
5858
95061
13325
4895
2610
98719
20130
16698
96680
97798
2648
45763
63095
14566
42825
5167
15889
97470
45646
22950
47567
96463
77547
28085
28235
53360
57144
52607
43950
84055
40497
49808
73994
48699
54704
76604
42296
69711
93302
38977
62388
90827
79617
25484
5394
22443
25528
16160
14791
71174
39111
62358
62515
11536
85321
85627
64897
42466
38236
8848
26522
73610
53534
517
17187
3116
71998
59483
72827
60178
93337
35216
45883
72955
55577
46154
90275
81105
62315
5067
47157
1427
62303
4550
12963
47625
90178
72737
90091
28415
76463
16614
96902
29998
12008
14090
33114
78883
68450
819
33939
61788
36036
79822
29621
86490
25977
14774
62474
83169
19841
4509
79473
82144
9060
87314
29770
94115
60052
14739
22531
31393
26230
19434
61391
38238
28401
89382
11999
96851
90202
40815
53517
21116
20638
78015
7607
41493
92789
70081
19540
7508
74591
99014
89653
78528
86329
14301
72644
41259
23918
90052
72653
50148
4364
28922
83264
32765
18306
95263
29617
8509
30957
83134
24502
51595
56027
32109
87965
48817
97068
7507
56325
66537
1399
40856
39943
87728
50035
12588
23865
73953
2641
96518
24102
7005
25442
7367
39770
38625
97508
64264
42011
28466
42276
66513
74938
98303
93499
57782
47121
85445
60166
98323
51983
61565
39181
91926
44171
89216
99391
62913
63170
2033
54310
82149
3915
79752
84394
38562
13255
76780
2827
55266
124
39980
21780
69939
38284
10157
27722
80282
95603
82765
78607
42464
39208
12666
29269
83379
1883
23538
41171
59930
20449
95481
36957
24364
70111
21352
57804
83366
98132
60631
38633
93133
95489
55290
63074
28651
60324
85673
8935
