10 100 1000
90
11
18
98
14
80
18
36
97
82
2
58
72
29
31
44
60
9
11
95
69
13
40
14
78
91
58
34
14
56
87
56
19
57
6
85
37
25
21
87
59
75
45
31
5
28
75
17
37
86
12
7
52
53
73
82
96
31
17
62
40
56
18
59
13
77
97
3
2
18
90
13
46
87
44
3
67
72
20
5
10
33
64
62
38
37
97
86
69
66
49
61
22
67
72
87
44
69
90
98
40
32
11
86
71
8
89
39
80
61
44
90
94
60
5
84
97
54
71
18
20
20
79
94
39
4
33
36
73
24
86
13
8
50
51
80
58
92
71
90
54
67
32
0
27
37
85
76
43
8
95
63
28
26
9
19
30
43
55
56
19
94
69
27
44
73
59
2
65
82
44
19
49
76
20
28
66
57
5
9
65
52
25
45
78
34
64
61
29
72
17
48
66
38
28
10
11
39
64
29
22
8
0
23
36
72
4
2
29
9
12
46
13
37
91
91
71
56
52
53
80
21
1
46
60
81
8
23
21
24
52
95
84
5
18
20
77
74
23
59
35
87
5
48
24
97
40
47
5
44
0
37
18
54
35
78
35
43
53
8
19
58
3
3
63
74
75
40
48
50
99
84
37
57
84
61
6
76
9
11
21
61
0
91
15
35
69
3
78
74
11
49
32
67
52
95
41
79
88
41
30
39
77
67
96
14
29
2
90
90
65
63
51
65
54
67
0
75
70
30
50
33
79
82
0
31
30
93
11
18
87
41
57
16
60
6
30
89
8
21
31
74
84
83
39
91
2
40
66
24
70
16
9
50
51
10
33
81
55
96
51
42
89
60
59
50
66
41
91
75
62
23
49
99
58
40
90
12
32
56
88
55
25
97
57
28
7
42
9
63
39
12
57
80
72
16
30
39
10
74
14
72
49
15
23
7
7
65
71
40
74
59
47
99
56
4
27
16
46
88
79
37
0
88
18
72
5
0
11
15
74
77
39
23
92
15
82
0
80
53
92
54
12
39
53
21
43
32
37
41
72
68
79
72
56
49
97
13
49
8
80
76
86
20
99
30
35
82
82
67
87
74
22
52
13
75
73
8
60
10
50
32
78
29
57
34
30
54
0
79
62
80
55
0
52
7
83
87
41
65
7
28
40
29
80
5
56
5
14
16
15
64
1
45
45
58
32
75
12
32
6
26
12
14
79
65
21
62
4
62
27
11
42
19
40
75
25
97
80
39
65
48
55
66
93
0
24
25
27
36
9
33
15
22
47
94
39
20
56
95
82
35
7
77
55
99
52
32
48
84
23
66
32
78
32
26
30
9
3
9
97
13
42
12
35
42
6
26
62
62
21
97
98
28
26
5
80
78
89
80
62
12
46
47
42
79
73
24
88
76
33
85
89
75
98
76
69
56
2
84
19
76
33
69
56
59
26
36
89
15
17
3
79
63
50
73
94
75
97
34
52
30
72
93
57
22
22
27
78
76
63
49
52
96
18
9
7
96
97
96
63
14
99
42
30
2
15
76
77
12
11
81
94
35
27
52
57
49
79
35
25
94
85
30
90
55
39
97
52
88
45
15
55
96
10
85
98
77
13
76
42
76
9
36
11
36
88
20
37
19
8
15
13
45
45
55
0
36
52
4
24
49
72
79
46
82
16
44
59
82
72
1
58
34
38
22
70
78
42
8
98
2
23
11
47
20
67
48
56
71
4
32
21
76
64
67
58
80
63
70
14
88
23
73
22
13
47
92
92
41
52
90
44
27
53
91
47
72
91
55
44
96
88
17
72
52
36
83
84
99
53
99
87
28
24
61
42
23
54
86
64
58
76
60
86
81
4
33
54
95
89
50
43
29
67
68
81
55
51
17
54
56
68
94
84
92
7
78
67
61
64
32
72
92
44
58
74
48
91
80
96
32
82
39
61
49
7
94
56
10
64
10
66
32
56
3
77
64
33
44
77
98
28
49
90
73
59
16
21
51
48
17
35
30
9
49
31
16
95
87
79
59
50
45
92
6
0
21
22
34
65
52
32
46
53
74
19
13
43
92
16
91
62
51
74
71
0
5
39
96
45
18
7
95
16
51
53
16
72
76
2
90
80
86
88
33
13
7
46
56
51
62
99
13
66
25
36
66
31
28
14
76
46
74
23
14
25
76
83
50
4
85
40
84
24
28
18
37
87
16
45
90
79
96
4
45
22
92
63
5
20
30
33
19
4
56
33
81
32
68
31
89
6
71
73
30
51
43
67
90
60
12
81
91
8
37
88
30
29
3
